0 10 4
10 11 2
11 12 7
1 12 1
1 2 2
2 13 1
2 3 12
3 14 1
3 4 2
4 15 1
4 5 11
5 16 1
5 6 3
6 17 8
17 18 4 
18 7 7
7 8 2
8 19 6
19 20 4
20 9 4
0 30 2
30 31 4
31 21 1
21 22 1
22 23 5
23 32 1
23 24 19
24 33 8
33 25 1
33 34 10
34 35 4
35 26 1
26 27 14
27 36 1
27 28 3
28 29 17
29 43 1
28 37 6
37 73 8
73 38 2
38 39 2
73 40 4
40 41 5
41 42 3
42 44 4
44 53 10
53 52 4
52 45 7
45 51 6
51 50 4
50 46 2
46 47 5
47 49 6
49 48 3
29 72 2
72 54 1
72 71 5
71 70 2
70 55 4
55 69 3
69 56 1
69 68 8
68 57 1
68 58 5
58 67 1
67 59 1
59 66 9
66 60 1
61 60 4
61 62 6
62 63 4
63 65 3
65 64 1
74 86 15
86 75 3
75 76 13
76 85 1
85 84 3
84 83 9
83 77 3
77 78 3
78 82 13
82 79 9
82 81 6
79 81 1
79 80 5
81 80 5
74 98 1
86 87 11
87 99 3
99 95 3
95 96 3
96 97 5
99 88 2
88 89 6
89 94 9
94 93 19
93 90 1
90 92 4
92 91 1
80 100 4
100 101 1
101 115 1
101 102 2
102 114 1
102 113 6
113 103 10
103 112 13
112 104 5
104 111 1
111 110 1
110 105 3
105 106 7
106 109 4
109 107 10
107 108 5
116 122 7
116 121 6
121 120 4
120 117 5
117 119 7
119 118 14
118 97 1
74 136 3
136 123 4
123 135 2
135 124 4
124 125 2
125 134 1
134 126 6
126 133 19
133 127 7
127 132 1
132 131 3
131 128 4
128 129 1
129 130 3

137 151 1
137 150 5
150 138 1
138 149 3
149 148 2
148 139 5
139 147 1
147 146 1
146 145 1
145 144 1
144 143 9
143 140 1
140 141 10
141 142 9
137 152 6
152 163 4
163 153 10
153 154 4
154 155 3
155 162 3
162 161 11
161 160 3
160 156 3
156 157 10
157 158 7
157 159 1
157 173 7
158 173 1
173 164 13
164 165 1
165 166 5
173 166 8
166 167 7
167 172 3
167 168 6
168 169 3
173 171 7
171 170 2
172 174 9
174 180 7
180 175 2
175 176 5
176 179 7
179 177 14
177 178 8
179 181 7
181 182 2
182 183 2
164 184 1
184 185 5
185 189 1
185 186 2
186 188 1
186 187 7
170 190 4
170 191 4
170 190 4
190 191 1
191 192 15
192 207 1
192 193 17
193 206 3
206 205 3
206 194 11
194 203 1
194 202 20

202 201 11
201 200 7
200 195 10
195 196 2
196 208 7
208 199 2
208 198 2
208 197 37
137 209 27
209 210 60
210 211 18
209 212 64
212 158 27

31 81 23
25 77 30
40 95 30
62 127 30

81 151 23
77 155 30
95 168 30
127 212 30
92 204 30

 


















