1168 436 1174 406
1264 459 1269 425
1286 465 1293 431
1380 487 1384 451
1403 493 1407 457
1495 515 1499 478
1519 518 1521 482
1695 558 1693 518
1721 564 1717 526
1835 589 1835 552
1193 382 1190 407
1217 385 1212 414
1272 402 1269 426
1298 412 1292 431
1387 428 1385 451
1408 437 1406 456
1501 455 1498 477
1588 478 1587 496 
1612 477 1609 501
1761 510 1760 534
1788 522 1790 542
1145 435 1152 400
1108 424 1118 391
1078 418 1086 386
971 391 976 360
926 379 935 350
834 360 840 332
730 335 739 308
684 332 695 297
575 273 575 273
1162 401 1168 403
1138 371 1134 396
1106 368 1101 389
943 332 936 353
878 318 874 339
849 309 843 331
744 291 739 308
740 244 706 232
759 190 725 184
736 166 725 184
694 156 688 177
666 153 658 169
603 159 593 156
576 272 550 265
571 178 580 155
468 150 472 134
385 136 394 116
332 125 338 105
255 103 264 89
280 70 266 87
385 92 376 109
426 103 418 117
527 128 523 141
564 131 557 147
549 355 536 348
498 456 481 450
474 501 454 493
432 567 418 561
404 624 389 614
392 647 375 642
349 725 334 719
333 763 311 755
326 801 292 787
298 826 280 816
257 857 267 838
247 826 266 833
315 713 329 719
339 662 360 666
353 633 371 641
386 569 405 580
471 409 498 416
495 376 516 381
537 301 558 302
726 183 726 183
696 290 696 290
791 376 810 355
887 433 908 414
945 471 969 452
979 490 997 468
1122 577 1141 553
1159 561 1159 561
1147 523 1129 541
1119 502 1103 530
988 428 964 448
930 396 908 414
907 382 885 401
776 338 776 338
859 312 831 296
900 284 870 267
934 253 912 237
1044 168 1019 156
1076 112 1059 125
1025 108 1059 125
997 144 1018 153
935 191 957 201
854 229 828 248
825 227 814 240
789 225 789 225
690 285 690 285
868 268 868 268
1189 549 1173 570
1207 567 1194 581
1229 578 1215 594
1362 654 1351 673
1537 749 1524 774
1579 772 1567 799
1657 819 1643 845
1767 892 1760 912
1790 930 1757 911
1660 901 1679 867
1528 819 1544 789
1509 807 1524 776
1440 770 1456 738
1269 665 1286 637
1194 619 1214 595
1172 608 1193 581
562 131 584 117
651 177 673 165
740 224 757 210
721 172 665 137
667 141 654 153
637 131 628 139
563 89 552 99
654 348 637 332
612 383 596 365
574 401 560 389
486 441 486 441
309 608 282 587
256 637 236 621
207 657 197 647
182 658 196 647
207 626 216 633
253 590 264 601
316 547 327 556
558 377 567 383
609 337 620 346
659 303 671 310